 1 0.9921147 0.12533323 1
 51 0.9921147 0.12533323 0
 2 0.96858317 0.24868989 1
 52 0.96858317 0.24868989 0
 3 0.9297765 0.36812454 1
 53 0.9297765 0.36812454 0
 4 0.87630665 0.48175368 1
 54 0.87630665 0.48175368 0
 5 0.809017 0.58778524 1
 55 0.809017 0.58778524 0
 6 0.7289686 0.6845471 1
 56 0.7289686 0.6845471 0
 7 0.637424 0.77051324 1
 57 0.637424 0.77051324 0
 8 0.5358268 0.8443279 1
 58 0.5358268 0.8443279 0
 9 0.42577928 0.90482706 1
 59 0.42577928 0.90482706 0
 10 0.309017 0.95105654 1
 60 0.309017 0.95105654 0
 11 0.18738131 0.9822872 1
 61 0.18738131 0.9822872 0
 12 0.06279052 0.9980267 1
 62 0.06279052 0.9980267 0
 13 -0.06279052 0.9980267 1
 63 -0.06279052 0.9980267 0
 14 -0.18738131 0.9822872 1
 64 -0.18738131 0.9822872 0
 15 -0.309017 0.95105654 1
 65 -0.309017 0.95105654 0
 16 -0.42577928 0.90482706 1
 66 -0.42577928 0.90482706 0
 17 -0.5358268 0.8443279 1
 67 -0.5358268 0.8443279 0
 18 -0.637424 0.77051324 1
 68 -0.637424 0.77051324 0
 19 -0.7289686 0.6845471 1
 69 -0.7289686 0.6845471 0
 20 -0.809017 0.58778524 1
 70 -0.809017 0.58778524 0
 21 -0.87630665 0.48175368 1
 71 -0.87630665 0.48175368 0
 22 -0.9297765 0.36812454 1
 72 -0.9297765 0.36812454 0
 23 -0.96858317 0.24868989 1
 73 -0.96858317 0.24868989 0
 24 -0.9921147 0.12533323 1
 74 -0.9921147 0.12533323 0
 25 -1.0 0.0 1
 75 -1.0 0.0 0
 26 -0.9921147 -0.12533323 1
 76 -0.9921147 -0.12533323 0
 27 -0.96858317 -0.24868989 1
 77 -0.96858317 -0.24868989 0
 28 -0.9297765 -0.36812454 1
 78 -0.9297765 -0.36812454 0
 29 -0.87630665 -0.48175368 1
 79 -0.87630665 -0.48175368 0
 30 -0.809017 -0.58778524 1
 80 -0.809017 -0.58778524 0
 31 -0.7289686 -0.6845471 1
 81 -0.7289686 -0.6845471 0
 32 -0.637424 -0.77051324 1
 82 -0.637424 -0.77051324 0
 33 -0.5358268 -0.8443279 1
 83 -0.5358268 -0.8443279 0
 34 -0.42577928 -0.90482706 1
 84 -0.42577928 -0.90482706 0
 35 -0.309017 -0.95105654 1
 85 -0.309017 -0.95105654 0
 36 -0.18738131 -0.9822872 1
 86 -0.18738131 -0.9822872 0
 37 -0.06279052 -0.9980267 1
 87 -0.06279052 -0.9980267 0
 38 0.06279052 -0.9980267 1
 88 0.06279052 -0.9980267 0
 39 0.18738131 -0.9822872 1
 89 0.18738131 -0.9822872 0
 40 0.309017 -0.95105654 1
 90 0.309017 -0.95105654 0
 41 0.42577928 -0.90482706 1
 91 0.42577928 -0.90482706 0
 42 0.5358268 -0.8443279 1
 92 0.5358268 -0.8443279 0
 43 0.637424 -0.77051324 1
 93 0.637424 -0.77051324 0
 44 0.7289686 -0.6845471 1
 94 0.7289686 -0.6845471 0
 45 0.809017 -0.58778524 1
 95 0.809017 -0.58778524 0
 46 0.87630665 -0.48175368 1
 96 0.87630665 -0.48175368 0
 47 0.9297765 -0.36812454 1
 97 0.9297765 -0.36812454 0
 48 0.96858317 -0.24868989 1
 98 0.96858317 -0.24868989 0
 49 0.9921147 -0.12533323 1
 99 0.9921147 -0.12533323 0
 50 1.0 0.0 1
 100 1.0 0.0 0

 101 0.20336832 1 -2.5432272
 116 0.20336832 -1 -2.5432272
 102 0.3715724 1 -2.6654346
 117 0.3715724 -1 -2.6654346
 103 0.47552827 1 -2.8454914
 118 0.47552827 -1 -2.8454914
 104 0.49726096 1 -3.0522642
 119 0.49726096 -1 -3.0522642
 105 0.4330127 1 -3.25
 120 0.4330127 -1 -3.25
 106 0.29389262 1 -3.4045086
 121 0.29389262 -1 -3.4045086
 107 0.10395584 1 -3.4890738
 122 0.10395584 -1 -3.4890738
 108 -0.10395584 1 -3.4890738
 123 -0.10395584 -1 -3.4890738
 109 -0.29389262 1 -3.4045086
 124 -0.29389262 -1 -3.4045086
 110 -0.4330127 1 -3.25
 125 -0.4330127 -1 -3.25
 111 -0.49726096 1 -3.0522642
 126 -0.49726096 -1 -3.0522642
 112 -0.47552827 1 -2.8454914
 127 -0.47552827 -1 -2.8454914
 113 -0.3715724 1 -2.6654346
 128 -0.3715724 -1 -2.6654346
 114 -0.20336832 1 -2.5432272
 129 -0.20336832 -1 -2.5432272
 115 0.0 1 -2.5
 130 0.0 -1 -2.5

 131 0.18651742 1.4 -2.2735627
 156 0.18651742 1 -2.2735627
 132 0.36131525 1.4 -2.34277
 157 0.36131525 1 -2.34277
 133 0.51341033 1.4 -2.4532735
 158 0.51341033 1 -2.4532735
 134 0.63324594 1.4 -2.59813
 159 0.63324594 1 -2.59813
 135 0.71329236 1.4 -2.7682374
 160 0.71329236 1 -2.7682374
 136 1.49704 1.4 -3.4058142
 161 1.49704 1 -3.4058142
 137 1.4734309 1.4 -3.781072
 162 1.4734309 1 -3.781072
 138 1.3572406 1.4 -4.138669
 163 1.3572406 1 -4.138669
 139 1.1557698 1.4 -4.4561357
 164 1.1557698 1 -4.4561357
 140 0.88167787 1.4 -4.7135253
 165 0.88167787 1 -4.7135253
 141 0.55218685 1.4 -4.894665
 166 0.55218685 1 -4.894665
 142 0.18799984 1.4 -4.988172
 167 0.18799984 1 -4.988172
 143 -0.18799984 1.4 -4.988172
 168 -0.18799984 1 -4.988172
 144 -0.55218685 1.4 -4.894665
 169 -0.55218685 1 -4.894665
 145 -0.88167787 1.4 -4.7135253
 170 -0.88167787 1 -4.7135253
 146 -1.1557698 1.4 -4.4561357
 171 -1.1557698 1 -4.4561357
 147 -1.3572406 1.4 -4.138669
 172 -1.3572406 1 -4.138669
 148 -1.4734309 1.4 -3.781072
 173 -1.4734309 1 -3.781072
 149 -1.49704 1.4 -3.4058142
 174 -1.49704 1 -3.4058142
 150 -0.71329236 1.4 -2.7682374
 175 -0.71329236 1 -2.7682374
 151 -0.63324594 1.4 -2.59813
 176 -0.63324594 1 -2.59813
 152 -0.51341033 1.4 -2.4532735
 177 -0.51341033 1 -2.4532735
 153 -0.36131525 1.4 -2.34277
 178 -0.36131525 1 -2.34277
 154 -0.18651742 1.4 -2.2735627
 179 -0.18651742 1 -2.2735627
 155 0.0 1.4 -2.25
 180 0.0 1 -2.25

 181 0.18651742 -1 -2.2735627
 206 0.18651742 -1.4 -2.2735627
 182 0.36131525 -1 -2.34277
 207 0.36131525 -1.4 -2.34277
 183 0.51341033 -1 -2.4532735
 208 0.51341033 -1.4 -2.4532735
 184 0.63324594 -1 -2.59813
 209 0.63324594 -1.4 -2.59813
 185 0.71329236 -1 -2.7682374
 210 0.71329236 -1.4 -2.7682374
 186 1.49704 -1 -3.4058142
 211 1.49704 -1.4 -3.4058142
 187 1.4734309 -1 -3.781072
 212 1.4734309 -1.4 -3.781072
 188 1.3572406 -1 -4.138669
 213 1.3572406 -1.4 -4.138669
 189 1.1557698 -1 -4.4561357
 214 1.1557698 -1.4 -4.4561357
 190 0.88167787 -1 -4.7135253
 215 0.88167787 -1.4 -4.7135253
 191 0.55218685 -1 -4.894665
 216 0.55218685 -1.4 -4.894665
 192 0.18799984 -1 -4.988172
 217 0.18799984 -1.4 -4.988172
 193 -0.18799984 -1 -4.988172
 218 -0.18799984 -1.4 -4.988172
 194 -0.55218685 -1 -4.894665
 219 -0.55218685 -1.4 -4.894665
 195 -0.88167787 -1 -4.7135253
 220 -0.88167787 -1.4 -4.7135253
 196 -1.1557698 -1 -4.4561357
 221 -1.1557698 -1.4 -4.4561357
 197 -1.3572406 -1 -4.138669
 222 -1.3572406 -1.4 -4.138669
 198 -1.4734309 -1 -3.781072
 223 -1.4734309 -1.4 -3.781072
 199 -1.49704 -1 -3.4058142
 224 -1.49704 -1.4 -3.4058142
 200 -0.71329236 -1 -2.7682374
 225 -0.71329236 -1.4 -2.7682374
 201 -0.63324594 -1 -2.59813
 226 -0.63324594 -1.4 -2.59813
 202 -0.51341033 -1 -2.4532735
 227 -0.51341033 -1.4 -2.4532735
 203 -0.36131525 -1 -2.34277
 228 -0.36131525 -1.4 -2.34277
 204 -0.18651742 -1 -2.2735627
 229 -0.18651742 -1.4 -2.2735627
 205 0.0 -1 -2.25
 230 0.0 -1.4 -2.25

 231 0.20225425 1.4 -3.8530536
 241 0.20225425 2 -3.8530536
 232 0.07725425 1.4 -3.7622359
 242 0.07725425 2 -3.7622359
 233 -0.07725425 1.4 -3.7622359
 243 -0.07725425 2 -3.7622359
 234 -0.20225425 1.4 -3.8530536
 244 -0.20225425 2 -3.8530536
 235 -0.25 1.4 -4.0
 245 -0.25 2 -4.0
 236 -0.20225425 1.4 -4.1469464
 246 -0.20225425 2 -4.1469464
 237 -0.07725425 1.4 -4.2377644
 247 -0.07725425 2 -4.2377644
 238 0.07725425 1.4 -4.2377644
 248 0.07725425 2 -4.2377644
 239 0.20225425 1.4 -4.1469464
 249 0.20225425 2 -4.1469464
 240 0.25 1.4 -4.0
 250 0.25 2 -4.0

 251 0.20225425 -2 -3.8530536
 261 0.20225425 -1.4 -3.8530536
 252 0.07725425 -2 -3.7622359
 262 0.07725425 -1.4 -3.7622359
 253 -0.07725425 -2 -3.7622359
 263 -0.07725425 -1.4 -3.7622359
 254 -0.20225425 -2 -3.8530536
 264 -0.20225425 -1.4 -3.8530536
 255 -0.25 -2 -4.0
 265 -0.25 -1.4 -4.0
 256 -0.20225425 -2 -4.1469464
 266 -0.20225425 -1.4 -4.1469464
 257 -0.07725425 -2 -4.2377644
 267 -0.07725425 -1.4 -4.2377644
 258 0.07725425 -2 -4.2377644
 268 0.07725425 -1.4 -4.2377644
 259 0.20225425 -2 -4.1469464
 269 0.20225425 -1.4 -4.1469464
 260 0.25 -2 -4.0
 270 0.25 -1.4 -4.0

 271 -0.45  0.15  0.0
 272  0.45  0.15  0.0
 273  0.45  0.15 -3.0
 274 -0.45  0.15 -3.0
 275 -0.45 -0.15 -3.0
 276  0.45 -0.15 -3.0
 277  0.45 -0.15  0.0
 278 -0.45 -0.15  0.0

 279 -2 -4 -6
 280  2 -4 -6
 281  2 13 -6
 282 -2 13 -6

 283 -2 -4  2
 284  2 -4  2
 285  2 13  2
 286 -2 13  2

 291 -0.45 3.55  0.0
 292  0.45 3.55  0.0
 293  0.45 3.55 -3.0
 294 -0.45 3.55 -3.0
 295 -0.45 3.25 -3.0
 296  0.45 3.25 -3.0
 297  0.45 3.25  0.0
 298 -0.45 3.25  0.0

 301 0.9921147 3.5253332 1
 351 0.9921147 3.5253332 0
 302 0.96858317 3.64869 1
 352 0.96858317 3.64869 0
 303 0.9297765 3.7681246 1
 353 0.9297765 3.7681246 0
 304 0.87630665 3.8817537 1
 354 0.87630665 3.8817537 0
 305 0.809017 3.9877853 1
 355 0.809017 3.9877853 0
 306 0.7289686 4.084547 1
 356 0.7289686 4.084547 0
 307 0.637424 4.170513 1
 357 0.637424 4.170513 0
 308 0.5358268 4.244328 1
 358 0.5358268 4.244328 0
 309 0.42577928 4.304827 1
 359 0.42577928 4.304827 0
 310 0.309017 4.3510566 1
 360 0.309017 4.3510566 0
 311 0.18738131 4.382287 1
 361 0.18738131 4.382287 0
 312 0.06279052 4.398027 1
 362 0.06279052 4.398027 0
 313 -0.06279052 4.398027 1
 363 -0.06279052 4.398027 0
 314 -0.18738131 4.382287 1
 364 -0.18738131 4.382287 0
 315 -0.309017 4.3510566 1
 365 -0.309017 4.3510566 0
 316 -0.42577928 4.304827 1
 366 -0.42577928 4.304827 0
 317 -0.5358268 4.244328 1
 367 -0.5358268 4.244328 0
 318 -0.637424 4.170513 1
 368 -0.637424 4.170513 0
 319 -0.7289686 4.084547 1
 369 -0.7289686 4.084547 0
 320 -0.809017 3.9877853 1
 370 -0.809017 3.9877853 0
 321 -0.87630665 3.8817537 1
 371 -0.87630665 3.8817537 0
 322 -0.9297765 3.7681246 1
 372 -0.9297765 3.7681246 0
 323 -0.96858317 3.64869 1
 373 -0.96858317 3.64869 0
 324 -0.9921147 3.5253332 1
 374 -0.9921147 3.5253332 0
 325 -1.0 3.4 1
 375 -1.0 3.4 0
 326 -0.9921147 3.2746668 1
 376 -0.9921147 3.2746668 0
 327 -0.96858317 3.1513102 1
 377 -0.96858317 3.1513102 0
 328 -0.9297765 3.0318754 1
 378 -0.9297765 3.0318754 0
 329 -0.87630665 2.9182463 1
 379 -0.87630665 2.9182463 0
 330 -0.809017 2.8122149 1
 380 -0.809017 2.8122149 0
 331 -0.7289686 2.715453 1
 381 -0.7289686 2.715453 0
 332 -0.637424 2.6294868 1
 382 -0.637424 2.6294868 0
 333 -0.5358268 2.5556722 1
 383 -0.5358268 2.5556722 0
 334 -0.42577928 2.495173 1
 384 -0.42577928 2.495173 0
 335 -0.309017 2.4489434 1
 385 -0.309017 2.4489434 0
 336 -0.18738131 2.4177127 1
 386 -0.18738131 2.4177127 0
 337 -0.06279052 2.4019732 1
 387 -0.06279052 2.4019732 0
 338 0.06279052 2.4019732 1
 388 0.06279052 2.4019732 0
 339 0.18738131 2.4177127 1
 389 0.18738131 2.4177127 0
 340 0.309017 2.4489434 1
 390 0.309017 2.4489434 0
 341 0.42577928 2.495173 1
 391 0.42577928 2.495173 0
 342 0.5358268 2.5556722 1
 392 0.5358268 2.5556722 0
 343 0.637424 2.6294868 1
 393 0.637424 2.6294868 0
 344 0.7289686 2.715453 1
 394 0.7289686 2.715453 0
 345 0.809017 2.8122149 1
 395 0.809017 2.8122149 0
 346 0.87630665 2.9182463 1
 396 0.87630665 2.9182463 0
 347 0.9297765 3.0318754 1
 397 0.9297765 3.0318754 0
 348 0.96858317 3.1513102 1
 398 0.96858317 3.1513102 0
 349 0.9921147 3.2746668 1
 399 0.9921147 3.2746668 0
 350 1.0 3.4 1
 400 1.0 3.4 0

 401 0.20336832 4.4 -2.5432272
 416 0.20336832 2.4 -2.5432272
 402 0.3715724 4.4 -2.6654346
 417 0.3715724 2.4 -2.6654346
 403 0.47552827 4.4 -2.8454914
 418 0.47552827 2.4 -2.8454914
 404 0.49726096 4.4 -3.0522642
 419 0.49726096 2.4 -3.0522642
 405 0.4330127 4.4 -3.25
 420 0.4330127 2.4 -3.25
 406 0.29389262 4.4 -3.4045086
 421 0.29389262 2.4 -3.4045086
 407 0.10395584 4.4 -3.4890738
 422 0.10395584 2.4 -3.4890738
 408 -0.10395584 4.4 -3.4890738
 423 -0.10395584 2.4 -3.4890738
 409 -0.29389262 4.4 -3.4045086
 424 -0.29389262 2.4 -3.4045086
 410 -0.4330127 4.4 -3.25
 425 -0.4330127 2.4 -3.25
 411 -0.49726096 4.4 -3.0522642
 426 -0.49726096 2.4 -3.0522642
 412 -0.47552827 4.4 -2.8454914
 427 -0.47552827 2.4 -2.8454914
 413 -0.3715724 4.4 -2.6654346
 428 -0.3715724 2.4 -2.6654346
 414 -0.20336832 4.4 -2.5432272
 429 -0.20336832 2.4 -2.5432272
 415 0.0 4.4 -2.5
 430 0.0 2.4 -2.5

 431 0.18651742 4.8 -2.2735627
 456 0.18651742 4.4 -2.2735627
 432 0.36131525 4.8 -2.34277
 457 0.36131525 4.4 -2.34277
 433 0.51341033 4.8 -2.4532735
 458 0.51341033 4.4 -2.4532735
 434 0.63324594 4.8 -2.59813
 459 0.63324594 4.4 -2.59813
 435 0.71329236 4.8 -2.7682374
 460 0.71329236 4.4 -2.7682374
 436 1.49704 4.8 -3.4058142
 461 1.49704 4.4 -3.4058142
 437 1.4734309 4.8 -3.781072
 462 1.4734309 4.4 -3.781072
 438 1.3572406 4.8 -4.138669
 463 1.3572406 4.4 -4.138669
 439 1.1557698 4.8 -4.4561357
 464 1.1557698 4.4 -4.4561357
 440 0.88167787 4.8 -4.7135253
 465 0.88167787 4.4 -4.7135253
 441 0.55218685 4.8 -4.894665
 466 0.55218685 4.4 -4.894665
 442 0.18799984 4.8 -4.988172
 467 0.18799984 4.4 -4.988172
 443 -0.18799984 4.8 -4.988172
 468 -0.18799984 4.4 -4.988172
 444 -0.55218685 4.8 -4.894665
 469 -0.55218685 4.4 -4.894665
 445 -0.88167787 4.8 -4.7135253
 470 -0.88167787 4.4 -4.7135253
 446 -1.1557698 4.8 -4.4561357
 471 -1.1557698 4.4 -4.4561357
 447 -1.3572406 4.8 -4.138669
 472 -1.3572406 4.4 -4.138669
 448 -1.4734309 4.8 -3.781072
 473 -1.4734309 4.4 -3.781072
 449 -1.49704 4.8 -3.4058142
 474 -1.49704 4.4 -3.4058142
 450 -0.71329236 4.8 -2.7682374
 475 -0.71329236 4.4 -2.7682374
 451 -0.63324594 4.8 -2.59813
 476 -0.63324594 4.4 -2.59813
 452 -0.51341033 4.8 -2.4532735
 477 -0.51341033 4.4 -2.4532735
 453 -0.36131525 4.8 -2.34277
 478 -0.36131525 4.4 -2.34277
 454 -0.18651742 4.8 -2.2735627
 479 -0.18651742 4.4 -2.2735627
 455 0.0 4.8 -2.25
 480 0.0 4.4 -2.25

 481 0.18651742 2.4 -2.2735627
 506 0.18651742 2 -2.2735627
 482 0.36131525 2.4 -2.34277
 507 0.36131525 2 -2.34277
 483 0.51341033 2.4 -2.4532735
 508 0.51341033 2 -2.4532735
 484 0.63324594 2.4 -2.59813
 509 0.63324594 2 -2.59813
 485 0.71329236 2.4 -2.7682374
 510 0.71329236 2 -2.7682374
 486 1.49704 2.4 -3.4058142
 511 1.49704 2 -3.4058142
 487 1.4734309 2.4 -3.781072
 512 1.4734309 2 -3.781072
 488 1.3572406 2.4 -4.138669
 513 1.3572406 2 -4.138669
 489 1.1557698 2.4 -4.4561357
 514 1.1557698 2 -4.4561357
 490 0.88167787 2.4 -4.7135253
 515 0.88167787 2 -4.7135253
 491 0.55218685 2.4 -4.894665
 516 0.55218685 2 -4.894665
 492 0.18799984 2.4 -4.988172
 517 0.18799984 2 -4.988172
 493 -0.18799984 2.4 -4.988172
 518 -0.18799984 2 -4.988172
 494 -0.55218685 2.4 -4.894665
 519 -0.55218685 2 -4.894665
 495 -0.88167787 2.4 -4.7135253
 520 -0.88167787 2 -4.7135253
 496 -1.1557698 2.4 -4.4561357
 521 -1.1557698 2 -4.4561357
 497 -1.3572406 2.4 -4.138669
 522 -1.3572406 2 -4.138669
 498 -1.4734309 2.4 -3.781072
 523 -1.4734309 2 -3.781072
 499 -1.49704 2.4 -3.4058142
 524 -1.49704 2 -3.4058142
 500 -0.71329236 2.4 -2.7682374
 525 -0.71329236 2 -2.7682374
 501 -0.63324594 2.4 -2.59813
 526 -0.63324594 2 -2.59813
 502 -0.51341033 2.4 -2.4532735
 527 -0.51341033 2 -2.4532735
 503 -0.36131525 2.4 -2.34277
 528 -0.36131525 2 -2.34277
 504 -0.18651742 2.4 -2.2735627
 529 -0.18651742 2 -2.2735627
 505 0.0 2.4 -2.25
 530 0.0 2 -2.25

 531 0.20225425 4.8 -3.8530536
 541 0.20225425 5.4 -3.8530536
 532 0.07725425 4.8 -3.7622359
 542 0.07725425 5.4 -3.7622359
 533 -0.07725425 4.8 -3.7622359
 543 -0.07725425 5.4 -3.7622359
 534 -0.20225425 4.8 -3.8530536
 544 -0.20225425 5.4 -3.8530536
 535 -0.25 4.8 -4.0
 545 -0.25 5.4 -4.0
 536 -0.20225425 4.8 -4.1469464
 546 -0.20225425 5.4 -4.1469464
 537 -0.07725425 4.8 -4.2377644
 547 -0.07725425 5.4 -4.2377644
 538 0.07725425 4.8 -4.2377644
 548 0.07725425 5.4 -4.2377644
 539 0.20225425 4.8 -4.1469464
 549 0.20225425 5.4 -4.1469464
 540 0.25 4.8 -4.0
 550 0.25 5.4 -4.0

 551 0.9921147 6.925333 1
 601 0.9921147 6.925333 0
 552 0.96858317 7.04869 1
 602 0.96858317 7.04869 0
 553 0.9297765 7.1681247 1
 603 0.9297765 7.1681247 0
 554 0.87630665 7.2817535 1
 604 0.87630665 7.2817535 0
 555 0.809017 7.3877854 1
 605 0.809017 7.3877854 0
 556 0.7289686 7.484547 1
 606 0.7289686 7.484547 0
 557 0.637424 7.5705132 1
 607 0.637424 7.5705132 0
 558 0.5358268 7.644328 1
 608 0.5358268 7.644328 0
 559 0.42577928 7.704827 1
 609 0.42577928 7.704827 0
 560 0.309017 7.7510567 1
 610 0.309017 7.7510567 0
 561 0.18738131 7.782287 1
 611 0.18738131 7.782287 0
 562 0.06279052 7.7980266 1
 612 0.06279052 7.7980266 0
 563 -0.06279052 7.7980266 1
 613 -0.06279052 7.7980266 0
 564 -0.18738131 7.782287 1
 614 -0.18738131 7.782287 0
 565 -0.309017 7.7510567 1
 615 -0.309017 7.7510567 0
 566 -0.42577928 7.704827 1
 616 -0.42577928 7.704827 0
 567 -0.5358268 7.644328 1
 617 -0.5358268 7.644328 0
 568 -0.637424 7.5705132 1
 618 -0.637424 7.5705132 0
 569 -0.7289686 7.484547 1
 619 -0.7289686 7.484547 0
 570 -0.809017 7.3877854 1
 620 -0.809017 7.3877854 0
 571 -0.87630665 7.2817535 1
 621 -0.87630665 7.2817535 0
 572 -0.9297765 7.1681247 1
 622 -0.9297765 7.1681247 0
 573 -0.96858317 7.04869 1
 623 -0.96858317 7.04869 0
 574 -0.9921147 6.925333 1
 624 -0.9921147 6.925333 0
 575 -1.0 6.8 1
 625 -1.0 6.8 0
 576 -0.9921147 6.674667 1
 626 -0.9921147 6.674667 0
 577 -0.96858317 6.55131 1
 627 -0.96858317 6.55131 0
 578 -0.9297765 6.431875 1
 628 -0.9297765 6.431875 0
 579 -0.87630665 6.3182464 1
 629 -0.87630665 6.3182464 0
 580 -0.809017 6.212215 1
 630 -0.809017 6.212215 0
 581 -0.7289686 6.115453 1
 631 -0.7289686 6.115453 0
 582 -0.637424 6.0294867 1
 632 -0.637424 6.0294867 0
 583 -0.5358268 5.9556723 1
 633 -0.5358268 5.9556723 0
 584 -0.42577928 5.895173 1
 634 -0.42577928 5.895173 0
 585 -0.309017 5.8489437 1
 635 -0.309017 5.8489437 0
 586 -0.18738131 5.817713 1
 636 -0.18738131 5.817713 0
 587 -0.06279052 5.8019733 1
 637 -0.06279052 5.8019733 0
 588 0.06279052 5.8019733 1
 638 0.06279052 5.8019733 0
 589 0.18738131 5.817713 1
 639 0.18738131 5.817713 0
 590 0.309017 5.8489437 1
 640 0.309017 5.8489437 0
 591 0.42577928 5.895173 1
 641 0.42577928 5.895173 0
 592 0.5358268 5.9556723 1
 642 0.5358268 5.9556723 0
 593 0.637424 6.0294867 1
 643 0.637424 6.0294867 0
 594 0.7289686 6.115453 1
 644 0.7289686 6.115453 0
 595 0.809017 6.212215 1
 645 0.809017 6.212215 0
 596 0.87630665 6.3182464 1
 646 0.87630665 6.3182464 0
 597 0.9297765 6.431875 1
 647 0.9297765 6.431875 0
 598 0.96858317 6.55131 1
 648 0.96858317 6.55131 0
 599 0.9921147 6.674667 1
 649 0.9921147 6.674667 0
 600 1.0 6.8 1
 650 1.0 6.8 0

 651 0.20336832 7.8 -2.5432272
 666 0.20336832 5.8 -2.5432272
 652 0.3715724 7.8 -2.6654346
 667 0.3715724 5.8 -2.6654346
 653 0.47552827 7.8 -2.8454914
 668 0.47552827 5.8 -2.8454914
 654 0.49726096 7.8 -3.0522642
 669 0.49726096 5.8 -3.0522642
 655 0.4330127 7.8 -3.25
 670 0.4330127 5.8 -3.25
 656 0.29389262 7.8 -3.4045086
 671 0.29389262 5.8 -3.4045086
 657 0.10395584 7.8 -3.4890738
 672 0.10395584 5.8 -3.4890738
 658 -0.10395584 7.8 -3.4890738
 673 -0.10395584 5.8 -3.4890738
 659 -0.29389262 7.8 -3.4045086
 674 -0.29389262 5.8 -3.4045086
 660 -0.4330127 7.8 -3.25
 675 -0.4330127 5.8 -3.25
 661 -0.49726096 7.8 -3.0522642
 676 -0.49726096 5.8 -3.0522642
 662 -0.47552827 7.8 -2.8454914
 677 -0.47552827 5.8 -2.8454914
 663 -0.3715724 7.8 -2.6654346
 678 -0.3715724 5.8 -2.6654346
 664 -0.20336832 7.8 -2.5432272
 679 -0.20336832 5.8 -2.5432272
 665 0.0 7.8 -2.5
 680 0.0 5.8 -2.5

 681 0.18651742 8.2 -2.2735627
 706 0.18651742 7.8 -2.2735627
 682 0.36131525 8.2 -2.34277
 707 0.36131525 7.8 -2.34277
 683 0.51341033 8.2 -2.4532735
 708 0.51341033 7.8 -2.4532735
 684 0.63324594 8.2 -2.59813
 709 0.63324594 7.8 -2.59813
 685 0.71329236 8.2 -2.7682374
 710 0.71329236 7.8 -2.7682374
 686 1.49704 8.2 -3.4058142
 711 1.49704 7.8 -3.4058142
 687 1.4734309 8.2 -3.781072
 712 1.4734309 7.8 -3.781072
 688 1.3572406 8.2 -4.138669
 713 1.3572406 7.8 -4.138669
 689 1.1557698 8.2 -4.4561357
 714 1.1557698 7.8 -4.4561357
 690 0.88167787 8.2 -4.7135253
 715 0.88167787 7.8 -4.7135253
 691 0.55218685 8.2 -4.894665
 716 0.55218685 7.8 -4.894665
 692 0.18799984 8.2 -4.988172
 717 0.18799984 7.8 -4.988172
 693 -0.18799984 8.2 -4.988172
 718 -0.18799984 7.8 -4.988172
 694 -0.55218685 8.2 -4.894665
 719 -0.55218685 7.8 -4.894665
 695 -0.88167787 8.2 -4.7135253
 720 -0.88167787 7.8 -4.7135253
 696 -1.1557698 8.2 -4.4561357
 721 -1.1557698 7.8 -4.4561357
 697 -1.3572406 8.2 -4.138669
 722 -1.3572406 7.8 -4.138669
 698 -1.4734309 8.2 -3.781072
 723 -1.4734309 7.8 -3.781072
 699 -1.49704 8.2 -3.4058142
 724 -1.49704 7.8 -3.4058142
 700 -0.71329236 8.2 -2.7682374
 725 -0.71329236 7.8 -2.7682374
 701 -0.63324594 8.2 -2.59813
 726 -0.63324594 7.8 -2.59813
 702 -0.51341033 8.2 -2.4532735
 727 -0.51341033 7.8 -2.4532735
 703 -0.36131525 8.2 -2.34277
 728 -0.36131525 7.8 -2.34277
 704 -0.18651742 8.2 -2.2735627
 729 -0.18651742 7.8 -2.2735627
 705 0.0 8.2 -2.25
 730 0.0 7.8 -2.25

 731 0.18651742 5.8 -2.2735627
 756 0.18651742 5.4 -2.2735627
 732 0.36131525 5.8 -2.34277
 757 0.36131525 5.4 -2.34277
 733 0.51341033 5.8 -2.4532735
 758 0.51341033 5.4 -2.4532735
 734 0.63324594 5.8 -2.59813
 759 0.63324594 5.4 -2.59813
 735 0.71329236 5.8 -2.7682374
 760 0.71329236 5.4 -2.7682374
 736 1.49704 5.8 -3.4058142
 761 1.49704 5.4 -3.4058142
 737 1.4734309 5.8 -3.781072
 762 1.4734309 5.4 -3.781072
 738 1.3572406 5.8 -4.138669
 763 1.3572406 5.4 -4.138669
 739 1.1557698 5.8 -4.4561357
 764 1.1557698 5.4 -4.4561357
 740 0.88167787 5.8 -4.7135253
 765 0.88167787 5.4 -4.7135253
 741 0.55218685 5.8 -4.894665
 766 0.55218685 5.4 -4.894665
 742 0.18799984 5.8 -4.988172
 767 0.18799984 5.4 -4.988172
 743 -0.18799984 5.8 -4.988172
 768 -0.18799984 5.4 -4.988172
 744 -0.55218685 5.8 -4.894665
 769 -0.55218685 5.4 -4.894665
 745 -0.88167787 5.8 -4.7135253
 770 -0.88167787 5.4 -4.7135253
 746 -1.1557698 5.8 -4.4561357
 771 -1.1557698 5.4 -4.4561357
 747 -1.3572406 5.8 -4.138669
 772 -1.3572406 5.4 -4.138669
 748 -1.4734309 5.8 -3.781072
 773 -1.4734309 5.4 -3.781072
 749 -1.49704 5.8 -3.4058142
 774 -1.49704 5.4 -3.4058142
 750 -0.71329236 5.8 -2.7682374
 775 -0.71329236 5.4 -2.7682374
 751 -0.63324594 5.8 -2.59813
 776 -0.63324594 5.4 -2.59813
 752 -0.51341033 5.8 -2.4532735
 777 -0.51341033 5.4 -2.4532735
 753 -0.36131525 5.8 -2.34277
 778 -0.36131525 5.4 -2.34277
 754 -0.18651742 5.8 -2.2735627
 779 -0.18651742 5.4 -2.2735627
 755 0.0 5.8 -2.25
 780 0.0 5.4 -2.25

 781 0.20225425 8.2 -3.8530536
 791 0.20225425 8.8 -3.8530536
 782 0.07725425 8.2 -3.7622359
 792 0.07725425 8.8 -3.7622359
 783 -0.07725425 8.2 -3.7622359
 793 -0.07725425 8.8 -3.7622359
 784 -0.20225425 8.2 -3.8530536
 794 -0.20225425 8.8 -3.8530536
 785 -0.25 8.2 -4.0
 795 -0.25 8.8 -4.0
 786 -0.20225425 8.2 -4.1469464
 796 -0.20225425 8.8 -4.1469464
 787 -0.07725425 8.2 -4.2377644
 797 -0.07725425 8.8 -4.2377644
 788 0.07725425 8.2 -4.2377644
 798 0.07725425 8.8 -4.2377644
 789 0.20225425 8.2 -4.1469464
 799 0.20225425 8.8 -4.1469464
 790 0.25 8.2 -4.0
 800 0.25 8.8 -4.0

 801 -0.45 6.95  0.0
 802  0.45 6.95  0.0
 803  0.45 6.95 -3.0
 804 -0.45 6.95 -3.0
 805 -0.45 6.65 -3.0
 806  0.45 6.65 -3.0
 807  0.45 6.65  0.0
 808 -0.45 6.65  0.0

 809 -0.45 10.35  0.0
 810  0.45 10.35  0.0
 811  0.45 10.35 -3.0
 812 -0.45 10.35 -3.0
 813 -0.45 10.05 -3.0
 814  0.45 10.05 -3.0
 815  0.45 10.05  0.0
 816 -0.45 10.05  0.0

 821 0.9921147 10.325334 1
 871 0.9921147 10.325334 0
 822 0.96858317 10.448689 1
 872 0.96858317 10.448689 0
 823 0.9297765 10.568125 1
 873 0.9297765 10.568125 0
 824 0.87630665 10.681754 1
 874 0.87630665 10.681754 0
 825 0.809017 10.787786 1
 875 0.809017 10.787786 0
 826 0.7289686 10.884547 1
 876 0.7289686 10.884547 0
 827 0.637424 10.970513 1
 877 0.637424 10.970513 0
 828 0.5358268 11.044328 1
 878 0.5358268 11.044328 0
 829 0.42577928 11.104827 1
 879 0.42577928 11.104827 0
 830 0.309017 11.151056 1
 880 0.309017 11.151056 0
 831 0.18738131 11.182287 1
 881 0.18738131 11.182287 0
 832 0.06279052 11.198027 1
 882 0.06279052 11.198027 0
 833 -0.06279052 11.198027 1
 883 -0.06279052 11.198027 0
 834 -0.18738131 11.182287 1
 884 -0.18738131 11.182287 0
 835 -0.309017 11.151056 1
 885 -0.309017 11.151056 0
 836 -0.42577928 11.104827 1
 886 -0.42577928 11.104827 0
 837 -0.5358268 11.044328 1
 887 -0.5358268 11.044328 0
 838 -0.637424 10.970513 1
 888 -0.637424 10.970513 0
 839 -0.7289686 10.884547 1
 889 -0.7289686 10.884547 0
 840 -0.809017 10.787786 1
 890 -0.809017 10.787786 0
 841 -0.87630665 10.681754 1
 891 -0.87630665 10.681754 0
 842 -0.9297765 10.568125 1
 892 -0.9297765 10.568125 0
 843 -0.96858317 10.448689 1
 893 -0.96858317 10.448689 0
 844 -0.9921147 10.325334 1
 894 -0.9921147 10.325334 0
 845 -1.0 10.2 1
 895 -1.0 10.2 0
 846 -0.9921147 10.074667 1
 896 -0.9921147 10.074667 0
 847 -0.96858317 9.95131 1
 897 -0.96858317 9.95131 0
 848 -0.9297765 9.831876 1
 898 -0.9297765 9.831876 0
 849 -0.87630665 9.718246 1
 899 -0.87630665 9.718246 0
 850 -0.809017 9.612215 1
 900 -0.809017 9.612215 0
 851 -0.7289686 9.515453 1
 901 -0.7289686 9.515453 0
 852 -0.637424 9.429487 1
 902 -0.637424 9.429487 0
 853 -0.5358268 9.355672 1
 903 -0.5358268 9.355672 0
 854 -0.42577928 9.295173 1
 904 -0.42577928 9.295173 0
 855 -0.309017 9.248943 1
 905 -0.309017 9.248943 0
 856 -0.18738131 9.217712 1
 906 -0.18738131 9.217712 0
 857 -0.06279052 9.201973 1
 907 -0.06279052 9.201973 0
 858 0.06279052 9.201973 1
 908 0.06279052 9.201973 0
 859 0.18738131 9.217712 1
 909 0.18738131 9.217712 0
 860 0.309017 9.248943 1
 910 0.309017 9.248943 0
 861 0.42577928 9.295173 1
 911 0.42577928 9.295173 0
 862 0.5358268 9.355672 1
 912 0.5358268 9.355672 0
 863 0.637424 9.429487 1
 913 0.637424 9.429487 0
 864 0.7289686 9.515453 1
 914 0.7289686 9.515453 0
 865 0.809017 9.612215 1
 915 0.809017 9.612215 0
 866 0.87630665 9.718246 1
 916 0.87630665 9.718246 0
 867 0.9297765 9.831876 1
 917 0.9297765 9.831876 0
 868 0.96858317 9.95131 1
 918 0.96858317 9.95131 0
 869 0.9921147 10.074667 1
 919 0.9921147 10.074667 0
 870 1.0 10.2 1
 920 1.0 10.2 0

 921 0.20336832 11.2 -2.5432272
 936 0.20336832 9.2 -2.5432272
 922 0.3715724 11.2 -2.6654346
 937 0.3715724 9.2 -2.6654346
 923 0.47552827 11.2 -2.8454914
 938 0.47552827 9.2 -2.8454914
 924 0.49726096 11.2 -3.0522642
 939 0.49726096 9.2 -3.0522642
 925 0.4330127 11.2 -3.25
 940 0.4330127 9.2 -3.25
 926 0.29389262 11.2 -3.4045086
 941 0.29389262 9.2 -3.4045086
 927 0.10395584 11.2 -3.4890738
 942 0.10395584 9.2 -3.4890738
 928 -0.10395584 11.2 -3.4890738
 943 -0.10395584 9.2 -3.4890738
 929 -0.29389262 11.2 -3.4045086
 944 -0.29389262 9.2 -3.4045086
 930 -0.4330127 11.2 -3.25
 945 -0.4330127 9.2 -3.25
 931 -0.49726096 11.2 -3.0522642
 946 -0.49726096 9.2 -3.0522642
 932 -0.47552827 11.2 -2.8454914
 947 -0.47552827 9.2 -2.8454914
 933 -0.3715724 11.2 -2.6654346
 948 -0.3715724 9.2 -2.6654346
 934 -0.20336832 11.2 -2.5432272
 949 -0.20336832 9.2 -2.5432272
 935 0.0 11.2 -2.5
 950 0.0 9.2 -2.5

 951 0.18651742 11.6 -2.2735627
 976 0.18651742 11.2 -2.2735627
 952 0.36131525 11.6 -2.34277
 977 0.36131525 11.2 -2.34277
 953 0.51341033 11.6 -2.4532735
 978 0.51341033 11.2 -2.4532735
 954 0.63324594 11.6 -2.59813
 979 0.63324594 11.2 -2.59813
 955 0.71329236 11.6 -2.7682374
 980 0.71329236 11.2 -2.7682374
 956 1.49704 11.6 -3.4058142
 981 1.49704 11.2 -3.4058142
 957 1.4734309 11.6 -3.781072
 982 1.4734309 11.2 -3.781072
 958 1.3572406 11.6 -4.138669
 983 1.3572406 11.2 -4.138669
 959 1.1557698 11.6 -4.4561357
 984 1.1557698 11.2 -4.4561357
 960 0.88167787 11.6 -4.7135253
 985 0.88167787 11.2 -4.7135253
 961 0.55218685 11.6 -4.894665
 986 0.55218685 11.2 -4.894665
 962 0.18799984 11.6 -4.988172
 987 0.18799984 11.2 -4.988172
 963 -0.18799984 11.6 -4.988172
 988 -0.18799984 11.2 -4.988172
 964 -0.55218685 11.6 -4.894665
 989 -0.55218685 11.2 -4.894665
 965 -0.88167787 11.6 -4.7135253
 990 -0.88167787 11.2 -4.7135253
 966 -1.1557698 11.6 -4.4561357
 991 -1.1557698 11.2 -4.4561357
 967 -1.3572406 11.6 -4.138669
 992 -1.3572406 11.2 -4.138669
 968 -1.4734309 11.6 -3.781072
 993 -1.4734309 11.2 -3.781072
 969 -1.49704 11.6 -3.4058142
 994 -1.49704 11.2 -3.4058142
 970 -0.71329236 11.6 -2.7682374
 995 -0.71329236 11.2 -2.7682374
 971 -0.63324594 11.6 -2.59813
 996 -0.63324594 11.2 -2.59813
 972 -0.51341033 11.6 -2.4532735
 997 -0.51341033 11.2 -2.4532735
 973 -0.36131525 11.6 -2.34277
 998 -0.36131525 11.2 -2.34277
 974 -0.18651742 11.6 -2.2735627
 999 -0.18651742 11.2 -2.2735627
 975 0.0 11.6 -2.25
 1000 0.0 11.2 -2.25

 1001 0.18651742 9.2 -2.2735627
 1026 0.18651742 8.8 -2.2735627
 1002 0.36131525 9.2 -2.34277
 1027 0.36131525 8.8 -2.34277
 1003 0.51341033 9.2 -2.4532735
 1028 0.51341033 8.8 -2.4532735
 1004 0.63324594 9.2 -2.59813
 1029 0.63324594 8.8 -2.59813
 1005 0.71329236 9.2 -2.7682374
 1030 0.71329236 8.8 -2.7682374
 1006 1.49704 9.2 -3.4058142
 1031 1.49704 8.8 -3.4058142
 1007 1.4734309 9.2 -3.781072
 1032 1.4734309 8.8 -3.781072
 1008 1.3572406 9.2 -4.138669
 1033 1.3572406 8.8 -4.138669
 1009 1.1557698 9.2 -4.4561357
 1034 1.1557698 8.8 -4.4561357
 1010 0.88167787 9.2 -4.7135253
 1035 0.88167787 8.8 -4.7135253
 1011 0.55218685 9.2 -4.894665
 1036 0.55218685 8.8 -4.894665
 1012 0.18799984 9.2 -4.988172
 1037 0.18799984 8.8 -4.988172
 1013 -0.18799984 9.2 -4.988172
 1038 -0.18799984 8.8 -4.988172
 1014 -0.55218685 9.2 -4.894665
 1039 -0.55218685 8.8 -4.894665
 1015 -0.88167787 9.2 -4.7135253
 1040 -0.88167787 8.8 -4.7135253
 1016 -1.1557698 9.2 -4.4561357
 1041 -1.1557698 8.8 -4.4561357
 1017 -1.3572406 9.2 -4.138669
 1042 -1.3572406 8.8 -4.138669
 1018 -1.4734309 9.2 -3.781072
 1043 -1.4734309 8.8 -3.781072
 1019 -1.49704 9.2 -3.4058142
 1044 -1.49704 8.8 -3.4058142
 1020 -0.71329236 9.2 -2.7682374
 1045 -0.71329236 8.8 -2.7682374
 1021 -0.63324594 9.2 -2.59813
 1046 -0.63324594 8.8 -2.59813
 1022 -0.51341033 9.2 -2.4532735
 1047 -0.51341033 8.8 -2.4532735
 1023 -0.36131525 9.2 -2.34277
 1048 -0.36131525 8.8 -2.34277
 1024 -0.18651742 9.2 -2.2735627
 1049 -0.18651742 8.8 -2.2735627
 1025 0.0 9.2 -2.25
 1050 0.0 8.8 -2.25

 1051 0.20225425 11.6 -3.8530536
 1061 0.20225425 12.2 -3.8530536
 1052 0.07725425 11.6 -3.7622359
 1062 0.07725425 12.2 -3.7622359
 1053 -0.07725425 11.6 -3.7622359
 1063 -0.07725425 12.2 -3.7622359
 1054 -0.20225425 11.6 -3.8530536
 1064 -0.20225425 12.2 -3.8530536
 1055 -0.25 11.6 -4.0
 1065 -0.25 12.2 -4.0
 1056 -0.20225425 11.6 -4.1469464
 1066 -0.20225425 12.2 -4.1469464
 1057 -0.07725425 11.6 -4.2377644
 1067 -0.07725425 12.2 -4.2377644
 1058 0.07725425 11.6 -4.2377644
 1068 0.07725425 12.2 -4.2377644
 1059 0.20225425 11.6 -4.1469464
 1069 0.20225425 12.2 -4.1469464
 1060 0.25 11.6 -4.0
 1070 0.25 12.2 -4.0

Faces:
 1 2 3 4 5 6 7 8 9 10 11 12 13 14 15 16 17 18 19 20 21 22 23 24 25 26 27 28 29 30 31 32 33 34 35 36 37 38 39 40 41 42 43 44 45 46 47 48 49 50.
 100 99 98 97 96 95 94 93 92 91 90 89 88 87 86 85 84 83 82 81 80 79 78 77 76 75 74 73 72 71 70 69 68 67 66 65 64 63 62 61 60 59 58 57 56 55 54 53 52 51.
 2 1 51 52.
 3 2 52 53.
 4 3 53 54.
 5 4 54 55.
 6 5 55 56.
 7 6 56 57.
 8 7 57 58.
 9 8 58 59.
 10 9 59 60.
 11 10 60 61.
 12 11 61 62.
 13 12 62 63.
 14 13 63 64.
 15 14 64 65.
 16 15 65 66.
 17 16 66 67.
 18 17 67 68.
 19 18 68 69.
 20 19 69 70.
 21 20 70 71.
 22 21 71 72.
 23 22 72 73.
 24 23 73 74.
 25 24 74 75.
 26 25 75 76.
 27 26 76 77.
 28 27 77 78.
 29 28 78 79.
 30 29 79 80.
 31 30 80 81.
 32 31 81 82.
 33 32 82 83.
 34 33 83 84.
 35 34 84 85.
 36 35 85 86.
 37 36 86 87.
 38 37 87 88.
 39 38 88 89.
 40 39 89 90.
 41 40 90 91.
 42 41 91 92.
 43 42 92 93.
 44 43 93 94.
 45 44 94 95.
 46 45 95 96.
 47 46 96 97.
 48 47 97 98.
 49 48 98 99.
 50 49 99 100.
 1 50 100 51.

 101 102 103 104 105 106 107 108 109 110 111 112 113 114 115.
 130 129 128 127 126 125 124 123 122 121 120 119 118 117 116.
 102 101 116 117.
 103 102 117 118.
 104 103 118 119.
 105 104 119 120.
 106 105 120 121.
 107 106 121 122.
 108 107 122 123.
 109 108 123 124.
 110 109 124 125.
 111 110 125 126.
 112 111 126 127.
 113 112 127 128.
 114 113 128 129.
 115 114 129 130.
 101 115 130 116.

 131 132 133 134 135 136 137 138 139 140 141 142 143 144 145 146 147 148 149 150 151 152 153 154 155.
 180 179 178 177 176 175 174 173 172 171 170 169 168 167 166 165 164 163 162 161 160 159 158 157 156.
 132 131 156 157.
 133 132 157 158.
 134 133 158 159.
 135 134 159 160.
 136 135 160 161.
 137 136 161 162.
 138 137 162 163.
 139 138 163 164.
 140 139 164 165.
 141 140 165 166.
 142 141 166 167.
 143 142 167 168.
 144 143 168 169.
 145 144 169 170.
 146 145 170 171.
 147 146 171 172.
 148 147 172 173.
 149 148 173 174.
 150 149 174 175.
 151 150 175 176.
 152 151 176 177.
 153 152 177 178.
 154 153 178 179.
 155 154 179 180.
 131 155 180 156.

 181 182 183 184 185 186 187 188 189 190 191 192 193 194 195 196 197 198 199 200 201 202 203 204 205.
 230 229 228 227 226 225 224 223 222 221 220 219 218 217 216 215 214 213 212 211 210 209 208 207 206.
 182 181 206 207.
 183 182 207 208.
 184 183 208 209.
 185 184 209 210.
 186 185 210 211.
 187 186 211 212.
 188 187 212 213.
 189 188 213 214.
 190 189 214 215.
 191 190 215 216.
 192 191 216 217.
 193 192 217 218.
 194 193 218 219.
 195 194 219 220.
 196 195 220 221.
 197 196 221 222.
 198 197 222 223.
 199 198 223 224.
 200 199 224 225.
 201 200 225 226.
 202 201 226 227.
 203 202 227 228.
 204 203 228 229.
 205 204 229 230.
 181 205 230 206.

 231 232 233 234 235 236 237 238 239 240.
 250 249 248 247 246 245 244 243 242 241.
 232 231 241 242.
 233 232 242 243.
 234 233 243 244.
 235 234 244 245.
 236 235 245 246.
 237 236 246 247.
 238 237 247 248.
 239 238 248 249.
 240 239 249 250.
 231 240 250 241.

 251 252 253 254 255 256 257 258 259 260.
 270 269 268 267 266 265 264 263 262 261.
 252 251 261 262.
 253 252 262 263.
 254 253 263 264.
 255 254 264 265.
 256 255 265 266.
 257 256 266 267.
 258 257 267 268.
 259 258 268 269.
 260 259 269 270.
 251 260 270 261.

 271 272 273 274.
 275 276 277 278.
 272 277 276 273.
 278 271 274 275.
 278 277 272 271.
 274 273 276 275.

 279 280 281 282.
 282 281 280 279.

 279 282 286 283.
 283 286 282 279.

 301 302 303 304 305 306 307 308 309 310 311 312 313 314 315 316 317 318 319 320 321 322 323 324 325 326 327 328 329 330 331 332 333 334 335 336 337 338 339 340 341 342 343 344 345 346 347 348 349 350.
 400 399 398 397 396 395 394 393 392 391 390 389 388 387 386 385 384 383 382 381 380 379 378 377 376 375 374 373 372 371 370 369 368 367 366 365 364 363 362 361 360 359 358 357 356 355 354 353 352 351.
 302 301 351 352.
 303 302 352 353.
 304 303 353 354.
 305 304 354 355.
 306 305 355 356.
 307 306 356 357.
 308 307 357 358.
 309 308 358 359.
 310 309 359 360.
 311 310 360 361.
 312 311 361 362.
 313 312 362 363.
 314 313 363 364.
 315 314 364 365.
 316 315 365 366.
 317 316 366 367.
 318 317 367 368.
 319 318 368 369.
 320 319 369 370.
 321 320 370 371.
 322 321 371 372.
 323 322 372 373.
 324 323 373 374.
 325 324 374 375.
 326 325 375 376.
 327 326 376 377.
 328 327 377 378.
 329 328 378 379.
 330 329 379 380.
 331 330 380 381.
 332 331 381 382.
 333 332 382 383.
 334 333 383 384.
 335 334 384 385.
 336 335 385 386.
 337 336 386 387.
 338 337 387 388.
 339 338 388 389.
 340 339 389 390.
 341 340 390 391.
 342 341 391 392.
 343 342 392 393.
 344 343 393 394.
 345 344 394 395.
 346 345 395 396.
 347 346 396 397.
 348 347 397 398.
 349 348 398 399.
 350 349 399 400.
 301 350 400 351.

 401 402 403 404 405 406 407 408 409 410 411 412 413 414 415.
 430 429 428 427 426 425 424 423 422 421 420 419 418 417 416.
 402 401 416 417.
 403 402 417 418.
 404 403 418 419.
 405 404 419 420.
 406 405 420 421.
 407 406 421 422.
 408 407 422 423.
 409 408 423 424.
 410 409 424 425.
 411 410 425 426.
 412 411 426 427.
 413 412 427 428.
 414 413 428 429.
 415 414 429 430.
 401 415 430 416.

 431 432 433 434 435 436 437 438 439 440 441 442 443 444 445 446 447 448 449 450 451 452 453 454 455.
 480 479 478 477 476 475 474 473 472 471 470 469 468 467 466 465 464 463 462 461 460 459 458 457 456.
 432 431 456 457.
 433 432 457 458.
 434 433 458 459.
 435 434 459 460.
 436 435 460 461.
 437 436 461 462.
 438 437 462 463.
 439 438 463 464.
 440 439 464 465.
 441 440 465 466.
 442 441 466 467.
 443 442 467 468.
 444 443 468 469.
 445 444 469 470.
 446 445 470 471.
 447 446 471 472.
 448 447 472 473.
 449 448 473 474.
 450 449 474 475.
 451 450 475 476.
 452 451 476 477.
 453 452 477 478.
 454 453 478 479.
 455 454 479 480.
 431 455 480 456.

 481 482 483 484 485 486 487 488 489 490 491 492 493 494 495 496 497 498 499 500 501 502 503 504 505.
 530 529 528 527 526 525 524 523 522 521 520 519 518 517 516 515 514 513 512 511 510 509 508 507 506.
 482 481 506 507.
 483 482 507 508.
 484 483 508 509.
 485 484 509 510.
 486 485 510 511.
 487 486 511 512.
 488 487 512 513.
 489 488 513 514.
 490 489 514 515.
 491 490 515 516.
 492 491 516 517.
 493 492 517 518.
 494 493 518 519.
 495 494 519 520.
 496 495 520 521.
 497 496 521 522.
 498 497 522 523.
 499 498 523 524.
 500 499 524 525.
 501 500 525 526.
 502 501 526 527.
 503 502 527 528.
 504 503 528 529.
 505 504 529 530.
 481 505 530 506.

 531 532 533 534 535 536 537 538 539 540.
 550 549 548 547 546 545 544 543 542 541.
 532 531 541 542.
 533 532 542 543.
 534 533 543 544.
 535 534 544 545.
 536 535 545 546.
 537 536 546 547.
 538 537 547 548.
 539 538 548 549.
 540 539 549 550.
 531 540 550 541.

 291 292 293 294.
 295 296 297 298.
 292 297 296 293.
 298 291 294 295.
 298 297 292 291.
 294 293 296 295.

 551 552 553 554 555 556 557 558 559 560 561 562 563 564 565 566 567 568 569 570 571 572 573 574 575 576 577 578 579 580 581 582 583 584 585 586 587 588 589 590 591 592 593 594 595 596 597 598 599 600.
 650 649 648 647 646 645 644 643 642 641 640 639 638 637 636 635 634 633 632 631 630 629 628 627 626 625 624 623 622 621 620 619 618 617 616 615 614 613 612 611 610 609 608 607 606 605 604 603 602 601.
 552 551 601 602.
 553 552 602 603.
 554 553 603 604.
 555 554 604 605.
 556 555 605 606.
 557 556 606 607.
 558 557 607 608.
 559 558 608 609.
 560 559 609 610.
 561 560 610 611.
 562 561 611 612.
 563 562 612 613.
 564 563 613 614.
 565 564 614 615.
 566 565 615 616.
 567 566 616 617.
 568 567 617 618.
 569 568 618 619.
 570 569 619 620.
 571 570 620 621.
 572 571 621 622.
 573 572 622 623.
 574 573 623 624.
 575 574 624 625.
 576 575 625 626.
 577 576 626 627.
 578 577 627 628.
 579 578 628 629.
 580 579 629 630.
 581 580 630 631.
 582 581 631 632.
 583 582 632 633.
 584 583 633 634.
 585 584 634 635.
 586 585 635 636.
 587 586 636 637.
 588 587 637 638.
 589 588 638 639.
 590 589 639 640.
 591 590 640 641.
 592 591 641 642.
 593 592 642 643.
 594 593 643 644.
 595 594 644 645.
 596 595 645 646.
 597 596 646 647.
 598 597 647 648.
 599 598 648 649.
 600 599 649 650.
 551 600 650 601.

 651 652 653 654 655 656 657 658 659 660 661 662 663 664 665.
 680 679 678 677 676 675 674 673 672 671 670 669 668 667 666.
 652 651 666 667.
 653 652 667 668.
 654 653 668 669.
 655 654 669 670.
 656 655 670 671.
 657 656 671 672.
 658 657 672 673.
 659 658 673 674.
 660 659 674 675.
 661 660 675 676.
 662 661 676 677.
 663 662 677 678.
 664 663 678 679.
 665 664 679 680.
 651 665 680 666.

 681 682 683 684 685 686 687 688 689 690 691 692 693 694 695 696 697 698 699 700 701 702 703 704 705.
 730 729 728 727 726 725 724 723 722 721 720 719 718 717 716 715 714 713 712 711 710 709 708 707 706.
 682 681 706 707.
 683 682 707 708.
 684 683 708 709.
 685 684 709 710.
 686 685 710 711.
 687 686 711 712.
 688 687 712 713.
 689 688 713 714.
 690 689 714 715.
 691 690 715 716.
 692 691 716 717.
 693 692 717 718.
 694 693 718 719.
 695 694 719 720.
 696 695 720 721.
 697 696 721 722.
 698 697 722 723.
 699 698 723 724.
 700 699 724 725.
 701 700 725 726.
 702 701 726 727.
 703 702 727 728.
 704 703 728 729.
 705 704 729 730.
 681 705 730 706.

 731 732 733 734 735 736 737 738 739 740 741 742 743 744 745 746 747 748 749 750 751 752 753 754 755.
 780 779 778 777 776 775 774 773 772 771 770 769 768 767 766 765 764 763 762 761 760 759 758 757 756.
 732 731 756 757.
 733 732 757 758.
 734 733 758 759.
 735 734 759 760.
 736 735 760 761.
 737 736 761 762.
 738 737 762 763.
 739 738 763 764.
 740 739 764 765.
 741 740 765 766.
 742 741 766 767.
 743 742 767 768.
 744 743 768 769.
 745 744 769 770.
 746 745 770 771.
 747 746 771 772.
 748 747 772 773.
 749 748 773 774.
 750 749 774 775.
 751 750 775 776.
 752 751 776 777.
 753 752 777 778.
 754 753 778 779.
 755 754 779 780.
 731 755 780 756.

 781 782 783 784 785 786 787 788 789 790.
 800 799 798 797 796 795 794 793 792 791.
 782 781 791 792.
 783 782 792 793.
 784 783 793 794.
 785 784 794 795.
 786 785 795 796.
 787 786 796 797.
 788 787 797 798.
 789 788 798 799.
 790 789 799 800.
 781 790 800 791.

 801 802 803 804.
 805 806 807 808.
 802 807 806 803.
 808 801 804 805.
 808 807 802 801.
 804 803 806 805.

 821 822 823 824 825 826 827 828 829 830 831 832 833 834 835 836 837 838 839 840 841 842 843 844 845 846 847 848 849 850 851 852 853 854 855 856 857 858 859 860 861 862 863 864 865 866 867 868 869 870.
 920 919 918 917 916 915 914 913 912 911 910 909 908 907 906 905 904 903 902 901 900 899 898 897 896 895 894 893 892 891 890 889 888 887 886 885 884 883 882 881 880 879 878 877 876 875 874 873 872 871.
 822 821 871 872.
 823 822 872 873.
 824 823 873 874.
 825 824 874 875.
 826 825 875 876.
 827 826 876 877.
 828 827 877 878.
 829 828 878 879.
 830 829 879 880.
 831 830 880 881.
 832 831 881 882.
 833 832 882 883.
 834 833 883 884.
 835 834 884 885.
 836 835 885 886.
 837 836 886 887.
 838 837 887 888.
 839 838 888 889.
 840 839 889 890.
 841 840 890 891.
 842 841 891 892.
 843 842 892 893.
 844 843 893 894.
 845 844 894 895.
 846 845 895 896.
 847 846 896 897.
 848 847 897 898.
 849 848 898 899.
 850 849 899 900.
 851 850 900 901.
 852 851 901 902.
 853 852 902 903.
 854 853 903 904.
 855 854 904 905.
 856 855 905 906.
 857 856 906 907.
 858 857 907 908.
 859 858 908 909.
 860 859 909 910.
 861 860 910 911.
 862 861 911 912.
 863 862 912 913.
 864 863 913 914.
 865 864 914 915.
 866 865 915 916.
 867 866 916 917.
 868 867 917 918.
 869 868 918 919.
 870 869 919 920.
 821 870 920 871.

 921 922 923 924 925 926 927 928 929 930 931 932 933 934 935.
 950 949 948 947 946 945 944 943 942 941 940 939 938 937 936.
 922 921 936 937.
 923 922 937 938.
 924 923 938 939.
 925 924 939 940.
 926 925 940 941.
 927 926 941 942.
 928 927 942 943.
 929 928 943 944.
 930 929 944 945.
 931 930 945 946.
 932 931 946 947.
 933 932 947 948.
 934 933 948 949.
 935 934 949 950.
 921 935 950 936.

 951 952 953 954 955 956 957 958 959 960 961 962 963 964 965 966 967 968 969 970 971 972 973 974 975.
 1000 999 998 997 996 995 994 993 992 991 990 989 988 987 986 985 984 983 982 981 980 979 978 977 976.
 952 951 976 977.
 953 952 977 978.
 954 953 978 979.
 955 954 979 980.
 956 955 980 981.
 957 956 981 982.
 958 957 982 983.
 959 958 983 984.
 960 959 984 985.
 961 960 985 986.
 962 961 986 987.
 963 962 987 988.
 964 963 988 989.
 965 964 989 990.
 966 965 990 991.
 967 966 991 992.
 968 967 992 993.
 969 968 993 994.
 970 969 994 995.
 971 970 995 996.
 972 971 996 997.
 973 972 997 998.
 974 973 998 999.
 975 974 999 1000.
 951 975 1000 976.

 1001 1002 1003 1004 1005 1006 1007 1008 1009 1010 1011 1012 1013 1014 1015 1016 1017 1018 1019 1020 1021 1022 1023 1024 1025.
 1050 1049 1048 1047 1046 1045 1044 1043 1042 1041 1040 1039 1038 1037 1036 1035 1034 1033 1032 1031 1030 1029 1028 1027 1026.
 1002 1001 1026 1027.
 1003 1002 1027 1028.
 1004 1003 1028 1029.
 1005 1004 1029 1030.
 1006 1005 1030 1031.
 1007 1006 1031 1032.
 1008 1007 1032 1033.
 1009 1008 1033 1034.
 1010 1009 1034 1035.
 1011 1010 1035 1036.
 1012 1011 1036 1037.
 1013 1012 1037 1038.
 1014 1013 1038 1039.
 1015 1014 1039 1040.
 1016 1015 1040 1041.
 1017 1016 1041 1042.
 1018 1017 1042 1043.
 1019 1018 1043 1044.
 1020 1019 1044 1045.
 1021 1020 1045 1046.
 1022 1021 1046 1047.
 1023 1022 1047 1048.
 1024 1023 1048 1049.
 1025 1024 1049 1050.
 1001 1025 1050 1026.

 1051 1052 1053 1054 1055 1056 1057 1058 1059 1060.
 1070 1069 1068 1067 1066 1065 1064 1063 1062 1061.
 1052 1051 1061 1062.
 1053 1052 1062 1063.
 1054 1053 1063 1064.
 1055 1054 1064 1065.
 1056 1055 1065 1066.
 1057 1056 1066 1067.
 1058 1057 1067 1068.
 1059 1058 1068 1069.
 1060 1059 1069 1070.
 1051 1060 1070 1061.

 809 810 811 812.
 813 814 815 816.
 810 815 814 811.
 816 809 812 813.
 816 815 810 809.
 812 811 814 813.
